1.2377E-25    9.0567E+03    9.155E-14
1.3584E-20    7.7602E+04    9.155E-14
4.7502E-17    8.1387E+04    9.155E-14
2.0572E-13    3.3533E+05    9.155E-14
8.1486E-11    3.4009E+05    9.155E-14
5.4497E-08    1.3615E+06    9.155E-14
4.3485E-06    1.3473E+06    9.155E-14
7.3590E-04    5.2808E+06    9.155E-14
1.8068E-02    5.1316E+06    9.155E-14
1.1126E+00    1.9804E+07    9.155E-14
1.1478E+01    1.8989E+07    9.155E-14
3.3599E+02    7.2448E+07    9.155E-14
1.8316E+03    6.8790E+07    9.155E-14
3.1024E+04    2.6025E+08    9.155E-14
1.0578E+05    2.4533E+08    9.155E-14
1.1981E+06    9.2243E+08    9.155E-14
2.8927E+06    8.6495E+08    9.155E-14
2.4367E+07    3.2374E+09    9.155E-14
4.5639E+07    3.0238E+09    9.155E-14
3.0920E+08    1.1280E+10    9.155E-14
4.8044E+08    1.0505E+10    9.155E-14
2.7731E+09    3.9091E+10    9.155E-14
3.7557E+09    3.6331E+10    9.155E-14
1.9268E+10    1.3495E+11    9.155E-14
2.3585E+10    1.2522E+11    9.155E-14
1.1095E+11    4.6450E+11    9.155E-14
1.2608E+11    4.3053E+11    9.155E-14
5.5644E+11    1.5955E+12    9.155E-14
5.9865E+11    1.4776E+12    9.155E-14
2.5210E+12    5.4716E+12    9.155E-14
1.3026E+12    2.5320E+12    9.155E-14
1.0000E+00    1.0000E+00    2.703E-02
